000021
000022
000039
000049
000050
000059
000066
000155
000425
000509
000518
000524
000526
000528
000533
000540
000547
000553
000554
000561
000584
000595
000606
000635
000672
000683
000723
000726
000767
000768
000782
000792
000799
000821
000826
000829
000858
000869
000895
000917
000927
000936
000961
000983
000985
000988
002011
002027
002028
002036
002040
002047
002063
002067
002068
002087
002088
002092
002107
002118
002119
002123
002134
002140
002151
002161
002177
002182
002186
002214
002215
002221
002232
002233
002236
002240
002244
002256
002275
002277
002288
002296
002299
002304
002325
002327
002336
002340
002368
002369
002380
002383
002386
002388
002390
002396
002410
002414
002417
002419
002426
002430
002436
002440
002454
002456
002460
002465
002472
002475
002481
002488
002507
002512
002513
002539
002544
002562
002572
002580
002582
002584
002597
002612
002628
002631
002645
002653
002658
002663
002665
002677
002680
002706
002707
002709
002723
002740
002750
002767
002780
002793
002802
002819
002829
002832
002845
002848
002852
002881
600009
600038
600051
600059
600069
600088
600094
600104
600115
600130
600141
600146
600159
600161
600172
600183
600186
600192
600215
600216
600225
600230
600250
600256
600282
600319
600336
600346
600367
600391
600393
600416
600446
600475
600480
600487
600488
600490
600519
600533
600535
600536
600559
600576
600577
600584
600601
600616
600618
600621
600633
600664
600695
600703
600722
600728
600741
600756
600793
600796
600797
600809
600812
600847
600856
600859
600872
600885
600888
600893
600959
600984
600985
600986
600990
600997
601058
601117
601200
601212
601500
601678
601808
601857
601882
