000008
000049
000063
000070
000100
000547
000586
000636
000801
000810
000823
000836
000889
000890
000938
000988
002017
002023
002049
002089
002090
002093
002115
002123
002138
002148
002149
002179
002194
002217
002229
002231
002261
002268
002281
002309
002313
002316
002355
002364
002384
002396
002402
002426
002436
002446
002463
002475
002484
002486
002491
002528
002544
002547
002579
002635
002725
002741
002786
002792
002796
002815
002837
002848
002860
002881
002885
002886
002889
002897
002902
002912
002913
002916
002929
002935
002937
002938
002947
600050
600105
600198
600260
600345
600353
600405
600460
600485
600487
600498
600522
600562
600601
600677
600734
600745
600775
600776
600804
601137
601869
603005
603042
603083
603118
603186
603220
603228
603236
603256
603298
603322
603327
603328
603559
603602
603618
603678
603679
603690
603728
603803
603912
603920
603936
603991
688001
688020
