000034
000158
000555
000606
000662
000948
002063
002065
002072
002153
002195
002212
002230
002232
002253
002279
002280
002298
002316
002331
002348
002362
002368
002373
002401
002405
002410
002417
002421
002439
002453
002474
002530
002537
002609
002642
002649
002657
002766
002771
002777
002869
002920
600271
600410
600446
600476
600536
600570
600571
600588
600602
600654
600701
600718
600728
600756
600797
600845
600850
601360
601519
603039
603138
603189
603232
603383
603508
603636
603869
603881
603918
603990
