000521
000543
001896
600382
600805
600603
600649
600658
600279
600292
600077
600509
600982
601777
600375
000157
600861
600290
600551
000727
600390
600106
000536
600356
600502
000600
600075
002494
000599
002663
600875
002666
600791
601929
600512
000892
600792
002291
000731
600128
002425
600178
600425
600622
600151
002094
000877
002061
000655
000090
601010
601989
002051
600061
000560
600094
000652
002169
600187
601058
002406
000802
600939
000680
601880
000514
600532
600819
000966
002434
600006
002321
600080
603021
600223
603009
603686
000753
000671
600155
600613
603599
600616
000716
000905
601789
601226
600759
000862
600136
000928
002759
000793
000936
600470
600761
002080
002787
600235
600824
000563
600643
000551
600169
000923
000756
002560
600463
601678
002082
600255
600278
600710
601811
601311
603118
000912
600730
600758
000961
002077
002469
600639
002034
600082
002500
600070
600841
002665
002131
600393
600135
002322
000839
002461
002390
600200
002656
000800
600433
002011
603729
600744
002530
002055
000516
002357
001696
000626
000957
600093
601949
002354
002648
000789
600096
000401
002791
000550
000715
600326
601086
002228
002649
600232
002140
600621
002498
600222
601890
000948
000838
002355
002675
000969
002765
002381
600648
002437
002172
603126
002208
002590
002731
002334
600592
600797
600422
000159
002489
002209
000682
002488
600825
600620
600283
600523
603208
600770
600163
603108
002302
600336
000909
000592
603456
000523
002542
002205
000009
600388
603969
600846
600557
002667
002664
002056
600459
000529
601212
603639
000779
002692
600105
601858
002353
603588
002446
002605
000668
002616
603128
600712
002093
603726
002235
600072
600273
002633
002099
603536
600601
601700
603266
002505
000859
002436
000796
600560
603859
002730
000584
002609
002786
000720
600345
600116
600866
002606
002583
002191
600225
603089
603669
603098
000962
000852
002288
603823
603730
600602
002824
600352
600756
002760
002385
002100
603081
600331
603389
002116
000915
002300
002118
603136
603300
002447
600868
600280
600990
000810
002843
600081
600599
000935
002868
600397
002373
002063
002524
600836
002307
603879
600452
002733
002166
002792
002570
002835
603169
002459
603197
002758
000678
600738
002552
002370
600099
603268
600850
002514
000721
000918
603721
600171
600572
002243
600538
002338
603998
002726
600794
603888
603309
603180
002265
002405
600438
600728
600783
000558
000576
600604
002504
603963
000066
600722
002805
000058
000070
002035
002112
002846
000955
603026
002793
002568
002634
002368
002066
002189
002618
002402
002780
603519
603060
600530
002418
603505
002927
600689
600088
002575
600281
600053
000063
002547
002198
000590
002813
600217
600071
600460
002755
002782
002761
600139
600435
600131
600818
600647
603032
600624
603990
000502
600860
600871
603882
600593
002417
000996
002192
603960
601519
600822
002750
000068
600609
000622
000633
603501
000503
002607
600678
600671
600319
600769
600306
600961
