000001
000002
000006
000008
000009
000012
000021
000025
000027
000028
000031
000039
000049
000060
000061
000062
000063
000066
000069
000070
000078
000089
000090
000100
000156
000157
000158
000166
000333
000338
000400
000401
000402
000408
000413
000415
000418
000423
000425
000426
000488
000501
000503
000513
000519
000528
000536
000537
000538
000541
000543
000547
000552
000553
000555
000559
000563
000564
000568
000581
000586
000587
000596
000598
000600
000612
000623
000625
000627
000630
000636
000651
000656
000661
000662
000667
000671
000681
000685
000686
000690
000703
000709
000712
000717
000718
000723
000725
000727
000728
000729
000732
000738
000750
000758
000761
000766
000768
000776
000778
000783
000786
000799
000801
000807
000810
000813
000826
000829
000830
000836
000839
000848
000858
000860
000869
000876
000877
000878
000887
000889
000890
000895
000898
000909
000926
000929
000930
000932
000937
000938
000959
000960
000961
000963
000969
000970
000975
000977
000980
000983
000987
000988
000990
000997
000998
000999
001965
001979
002001
002002
002004
002007
002008
002013
002017
002019
002023
002024
002027
002028
002030
002032
002038
002041
002044
002048
002049
002050
002051
002056
002063
002064
002065
002074
002078
002081
002085
002092
002093
002110
002115
002118
002120
002123
002127
002128
002129
002131
002138
002142
002146
002148
002152
002153
002155
002172
002174
002176
002179
002183
002191
002195
002202
002212
002217
002221
002223
002229
002230
002231
002233
002236
002241
002242
002244
002249
002250
002251
002252
002254
002261
002266
002268
002271
002273
002276
002277
002279
002280
002281
002285
002294
002298
002299
002302
002304
002308
002309
002310
002311
002313
002316
002317
002332
002340
002344
002345
002352
002353
002354
002355
002358
002364
002366
002368
002371
002372
002373
002375
002384
002385
002390
002396
002399
002400
002402
002405
002407
002408
002410
002411
002414
002415
002416
002422
002424
002426
002431
002434
002437
002439
002440
002444
002446
002447
002453
002456
002460
002461
002463
002465
002466
002468
002470
002474
002475
002482
002489
002491
002493
002500
002503
002505
002506
002507
002508
002509
002512
002517
002535
002542
002544
002547
002555
002558
002563
002568
002572
002573
002579
002583
002588
002589
002594
002601
002602
002603
002624
002625
002635
002640
002646
002657
002663
002665
002670
002672
002673
002681
002690
002699
002701
002707
002709
002714
002725
002736
002745
002773
002777
002786
002792
002796
002797
002807
002815
002818
002831
002837
002839
002848
002869
002881
002885
002886
002889
002897
002902
002912
002913
002916
002920
002925
002926
002929
002935
002938
002939
002945
300059
600000
600004
600006
600008
600009
600010
600011
600015
600016
600017
600018
600019
600021
600022
600023
600025
600026
600027
600028
600029
600030
600031
600036
600037
600038
600039
600048
600050
600053
600056
600058
600059
600060
600061
600062
600064
600066
600068
600073
600079
600085
600086
600089
600094
600098
600100
600104
600105
600109
600111
600115
600118
600120
600122
600125
600126
600132
600138
600141
600143
600151
600153
600155
600157
600158
600160
600161
600166
600167
600169
600170
600171
600176
600177
600179
600183
600184
600188
600189
600195
600196
600197
600198
600199
600201
600208
600216
600219
600221
600233
600256
600258
600259
600260
600266
600267
600271
600276
600277
600280
600282
600291
600297
600298
600300
600307
600309
600312
600315
600316
600325
600329
600332
600335
600338
600339
600340
600345
600346
600348
600350
600352
600353
600362
600365
600366
600369
600372
600373
600376
600380
600383
600388
600390
600392
600393
600398
600406
600409
600410
600415
600416
600418
600426
600428
600435
600436
600438
600446
600458
600460
600466
600476
600478
600482
600487
600489
600498
600499
600500
600503
600507
600509
600511
600516
600518
600519
600522
600525
600528
600535
600536
600543
600545
600547
600549
600557
600559
600563
600565
600566
600567
600570
600571
600572
600573
600575
600580
600582
600583
600584
600585
600588
600589
600594
600597
600598
600600
600602
600606
600611
600616
600618
600621
600623
600633
600637
600639
600640
600642
600643
600645
600648
600649
600655
600657
600660
600664
600673
600674
600677
600688
600690
600694
600699
600702
600703
600704
600705
600717
600718
600729
600734
600737
600739
600741
600743
600745
600748
600750
600751
600754
600755
600756
600757
600759
600760
600765
600770
600773
600775
600776
600777
600779
600782
600787
600795
600797
600801
600804
600808
600809
600811
600816
600820
600823
600827
600835
600837
600839
600845
600848
600859
600862
600863
600864
600867
600869
600872
600874
600875
600879
600881
600884
600885
600886
600887
600893
600895
600900
600901
600908
600909
600917
600919
600926
600939
600958
600959
600962
600967
600970
600971
600977
600978
600993
600996
600998
600999
601000
601001
601003
601005
601006
601009
601012
601016
601018
601019
601020
601021
601066
601088
601098
601099
601100
601106
601108
601111
601117
601127
601128
601137
601138
601155
601162
601166
601168
601169
601179
601186
601198
601200
601211
601212
601216
601225
601228
601229
601231
601238
601288
601311
601318
601326
601328
601333
601336
601360
601375
601377
601390
601398
601555
601579
601598
601600
601601
601607
601608
601611
601618
601628
601633
601668
601669
601678
601688
601689
601717
601718
601727
601766
601777
601788
601800
601801
601808
601811
601818
601828
601838
601857
601866
601869
601872
601877
601878
601880
601881
601888
601898
601899
601901
601919
601928
601933
601939
601958
601966
601969
601985
601988
601989
601990
601991
601992
601997
601998
603000
603025
603039
603042
603056
603077
603083
603118
603156
603160
603169
603186
603189
603198
603220
603225
603228
603232
603233
603259
603260
603288
603322
603328
603355
603369
603377
603383
603444
603486
603515
603528
603556
603559
603568
603569
603589
603602
603618
603636
603650
603658
603659
603678
603679
603690
603711
603712
603766
603779
603799
603803
603806
603816
603833
603858
603866
603868
603877
603883
603885
603888
603899
603912
603919
603986
603993
