000032
000034
000063
000070
000158
000166
000333
000404
000521
000555
000561
000568
000586
000596
000606
000651
000662
000686
000687
000712
000728
000729
000750
000752
000776
000783
000799
000836
000848
000851
000858
000860
000869
000921
000929
000938
000948
000971
000995
002011
002017
002032
002035
002050
002063
002065
002072
002089
002093
002104
002115
002153
002194
002195
002212
002230
002231
002232
002242
002253
002260
002279
002280
002281
002290
002298
002304
002312
002313
002316
002322
002331
002348
002359
002362
002368
002373
002396
002401
002403
002405
002410
002417
002418
002421
002439
002446
002453
002461
002473
002474
002491
002500
002508
002530
002537
002543
002544
002568
002583
002609
002614
002642
002646
002649
002657
002668
002670
002673
002676
002677
002705
002723
002736
002759
002766
002771
002777
002792
002797
002860
002897
002902
002908
002920
002926
002929
002939
002945
002959
600030
600059
600061
600084
600105
600109
600130
600132
600155
600189
600197
600199
600203
600238
600260
600271
600289
600293
600300
600336
600345
600355
600365
600369
600410
600446
600476
600485
600487
600498
600519
600522
600536
600543
600559
600570
600571
600573
600588
600600
600602
600616
600619
600621
600654
600690
600701
600702
600718
600728
600734
600756
600775
600776
600779
600797
600804
600809
600837
600845
600850
600854
600864
600898
600909
600958
600962
600983
600999
601066
601099
601108
601162
601198
601211
601236
601360
601375
601377
601519
601555
601579
601688
601788
601869
601878
601881
601901
601990
603039
603042
603083
603118
603138
603156
603189
603198
603220
603232
603236
603322
603355
603366
603369
603383
603421
603486
603508
603519
603559
603578
603579
603589
603602
603636
603657
603677
603703
603711
603712
603726
603779
603803
603868
603869
603881
603918
603919
603927
603990
688036
688088
688168
688188
