000062
000534
000540
000609
000703
000728
000776
000882
000889
000948
000997
002012
002024
002055
002065
002095
002104
002121
002130
002140
002144
002177
002195
002197
002209
002215
002218
002266
002277
002279
002280
002290
002293
002312
002315
002329
002341
002344
002354
002356
002385
002436
002437
002453
002487
002530
002537
002542
002547
002558
002564
002583
002587
002596
002640
002648
002649
002657
002663
002668
002707
002711
002713
002721
002740
002756
002789
600109
600112
600122
600146
600177
600180
600208
600226
600257
600318
600340
600397
600446
600533
600570
600571
600577
600588
600596
600599
600606
600643
600696
600711
600729
600747
600767
600807
600831
600869
600891
601099
601216
601233
601360
601519
601688
601901
603106
603383
